V3S1_G5	2	0.5	#cc0000	1	1	0.9
V4S1_B7	2	0.5	#cc0000	1	1	0.9
V4S2_C9	2	0.5	#cc0000	1	1	0.9
V2S1_D7	2	0.5	#cc0000	1	1	0.9
V2S1_B4	2	0.5	#cc0000	1	1	0.9
V1S2_E5	2	0.5	#cc0000	1	1	0.9
V1S2_A11	2	0.5	#cc0000	1	1	0.9
V4S2_B4	2	0.5	#cc0000	1	1	0.9
V3S2_H5	2	0.5	#cc0000	1	1	0.9
V4S1_D8	2	0.5	#cc0000	1	1	0.9
V1S1_B10	2	0.5	#cc0000	1	1	0.9
V4S2_A9	2	0.5	#cc0000	1	1	0.9
V4S1_A7	2	0.5	#cc0000	1	1	0.9
V1S2_H5	2	0.5	#cc0000	1	1	0.9
V2S2_D7	2	0.5	#cc0000	1	1	0.9
V3S2_E8	2	0.5	#cc0000	1	1	0.9
V2S1_G11	2	0.5	#cc0000	1	1	0.9
V3S2_B9	2	0.5	#cc0000	1	1	0.9
V4S2_H9	2	0.5	#cc0000	1	1	0.9
V7S1_H7	2	0.5	#cc0000	1	1	0.9
V5S1_C8	2	0.5	#cc0000	1	1	0.9
V8S1_G9	2	0.5	#cc0000	1	1	0.9
V8S1_G10	2	0.5	#cc0000	1	1	0.9
V6S2_D10	2	0.5	#cc0000	1	1	0.9
V8S2_A9	2	0.5	#cc0000	1	1	0.9
V8S1_H8	2	0.5	#cc0000	1	1	0.9
V6S1_B11	2	0.5	#cc0000	1	1	0.9
V8S2_B12	2	0.5	#cc0000	1	1	0.9
V6S2_G11	2	0.5	#cc0000	1	1	0.9
V8S2_E11	2	0.5	#cc0000	1	1	0.9
V3S2_F7	2	0.5	#cc0000	1	1	0.9
V1S2_H9	2	0.5	#cc0000	1	1	0.9
V4S2_A8	2	0.5	#cc0000	1	1	0.9
V3S1_H8	2	0.5	#cc0000	1	1	0.9
V4S2_E3	2	0.5	#cc0000	1	1	0.9
V8S2_B10	2	0.5	#cc0000	1	1	0.9